AGB	S2_HO_b1_9X9	S2_COR_b7_7X7	S2_ME_b1_9X9	S2_MSAVI	S2_IPVI	S2_HO_b1_7X7	S2_COR_b3_9X9	S2_ME_b1_7X7	S2_ME_b9_9X9	S2_COR_b8_3X3	S2_ME_b1_5X5	S2_VA_b5_7X7	S2_ME_b9_7X7	S2_VA_b5_9X9	S2_COR_b3_7X7	S2_HO_b9_7X7	S2_COR_b3_5X5	S2_REP	S2_RVI
162.6	6.61728	0.691837	15.6295996	0.305495	0.0233712	6.4489799	0.278464	15.7551003	6.8271599	0.444444	16	7	7	7	0.420242	11.5917997	0.7312	705.2579956	2.1249499
209.85	10.2593002	0.633854	11.5185003	0.319157	0.032258	10.2652998	0.0693492	11.7551003	6.0987601	1	12.3999996	7.7550998	6	7.7777801	0.116202	16.7551003	0.2256	704.9959717	1.14678
158.12	8.0617304	0.482913	14.2222004	0.315612	0.0310005	8	0.0812377	14.3469	6.14815	10.5556002	14.5600004	6.9183698	6.1020398	6.9629598	0.0853811	13.2652998	0.104	705.1640015	2.0240901
279.24	8.07407	0.590901	12.4197998	0.305325	0.0236314	7.83673	0.156836	12.4898005	6	0.777778	13	7.2449002	6.4081602	7	0.285298	13.3264999	0.5456	705.1939697	1.9868
195.04	8.07407	0.563641	13.6295996	0.304617	0.0230695	7.5102	0.184271	13.5305996	6.5061698	0.333333	13.3599997	7.3673501	6.8571401	7.2222199	0.347772	13.0408001	0.6544	705.2059937	2.1070499
196.07	7.6790099	0.560994	12.4568005	0.347551	0.064872	7.9387698	0.198293	13.1429005	6.0493798	6.6666698	13	7.0408201	6.2857099	6.7901201	0.206164	13.7959003	0.1904	705.1300049	1.54168
237.63	12.4443998	0.567652	14.8024998	0.321781	0.0353248	12.1836996	0.0641671	15.1224003	7.5061698	1.66667	15.6000004	9.34694	7.48979	9.3950596	0.0737193	18.7346992	0.1328	704.9949951	1.08187
205.56	11.4568005	0.545156	13.5925999	0.330957	0.0458439	11.3673	0.0760555	13.4898005	6.23457	6.7777801	13.1999998	8	6.18367	8.1975298	0.0812162	18	0.1168	704.992981	1.02946
128.79	10.6667004	0.597793	13.2222004	0.362679	0.0910791	10.4286003	0.0781893	12.9796	5.7283902	0.888889	12.5200005	7.7550998	6.0408101	7.69136	0.127863	17.0203991	0.1616	705.0880127	1.3168499
103.49	10.3332996	0.56052	15.7653999	0.345598	0.0625872	10.8163004	0.0611187	16.2856998	7.4444399	2.2222199	16.2000008	8.4489803	7.32653	8.4074097	0.0978759	17.3061008	0.1584	705.026001	1.28449
104.19	10.6420002	0.511935	16.3456993	0.351945	0.0713664	11.1836996	0.0666057	16.4286003	8.0123501	2.11111	16.3999996	9.1632605	8.1428499	8.9382696	0.0853811	17.6735001	0.1648	705.0369873	1.37193
22.18	9.7901201	0.548148	15.4197998	0.325898	0.0387533	10.0204	0.0672154	15.7755003	7.0246902	3	16.4400005	7.7550998	6.7142801	7.9753098	0.115369	16.3061008	0.1232	705.0219727	1.3323801
54.02	6.5802498	0.734694	6.1851902	0.302248	0.01805	6.4489799	0.153178	6.16327	3.3703699	0.888889	6.1199999	4.16327	3.3061199	4.2839499	0.165348	10.9591999	0.2288	705.0089722	1.45184
125.39	6.7407398	0.657143	6.2469101	0.301705	0.017672	6.5510201	0.155007	6.2449002	3.4814799	1.33333	6.2399998	4.2857099	3.40816	4.4197502	0.139525	11.3060999	0.2	705.0079956	1.48251
76.59	6.6666698	0.720408	6.1975298	0.30098	0.017168	6.5510201	0.133973	6.18367	3.4074099	0.777778	6.1599998	4.3061199	3.3061199	4.4197502	0.140358	11.5305996	0.1648	705.0059814	1.38074
126.28	4.9506202	0.710204	4.5061698	0.294132	0.0128641	4.83673	0.0675202	4.4285698	2.7901199	1.33333	4.4000001	3.40816	2.81633	3.4691401	0.101208	8.8571396	0.1616	705.0100098	1.59398
331.43	5.4938302	0.738775	4.7777801	0.305288	0.0203616	5.5306101	0.142814	4.7959199	2.9506199	1.11111	4.8400002	3.7755101	2.9795899	3.76543	0.127863	9.9591799	0.12	705.0050049	1.38468
54.49	6.0864201	0.728571	5.2222199	0.31348	0.0271911	6.2857099	0.251943	5.1428599	3.0493801	2	5	3.8571401	3.08163	3.83951	0.332778	10.8570995	0.44	705.0020142	1.3117
108.48	5.8642001	0.639976	6.07407	0.301271	0.0174471	5.8571401	0.0976985	6	3.2469101	2.5555601	6	4.0204101	3.3061199	4.0123501	0.114536	10.5101995	0.136	705.0120239	1.5219899
125.08	5.7901201	0.572629	6.0617299	0.297186	0.0148781	5.7755098	0.0919067	6	3.2469101	4.7777801	6	4.0204101	3.2857101	4.0617299	0.0862141	10.3878002	0.0976	705.0089722	1.50482
61.12	5.83951	0.639976	6.16049	0.298441	0.0155585	5.7550998	0.0812376	6.0612202	3.3703699	3.5555601	6	4.16327	3.3061199	4.1975298	0.0853811	10.3469	0.1136	705.0300293	1.62331
216.09	7.45679	0.834694	8.5555601	0.314941	0.0286083	7.3877501	0.16659	8.4489803	4.2592602	0	8.2799997	5.2040801	4.18367	5.2715998	0.211995	11.9183998	0.3056	705.0020142	1.31533
215.31	7.5308599	0.916327	8.4197502	0.313009	0.0273312	7.6122499	0.185185	8.2653103	4.2839499	0	8	5.3673501	4.3673501	5.30864	0.261974	12.2040997	0.3792	705	1.16679
98.76	7.38272	0.869388	7.9382701	0.318767	0.0323088	7.5510201	0.161408	8	4.2716098	0	8	5.32653	4.3673501	5.2716098	0.187838	12.2040997	0.3184	705.0009766	1.23392
105.87	6.6543198	0.561114	6.7901201	0.310835	0.0251777	6.7142901	0.101052	6.9387798	3.76543	5.1111102	7	4.83673	3.81633	4.7160501	0.11287	11.2244997	0.2064	705	1.21987
96.15	6.5185199	0.615856	6.6666698	0.31333	0.027378	6.65306	0.146167	6.7142901	3.5925901	6.7777801	6.8000002	4.65306	3.67347	4.5679002	0.173678	11.1020002	0.1968	705.0029907	1.2603
180.14	5.8765402	0.738775	6.2839499	0.306534	0.0219661	6.1020398	0.105624	6.4285698	3.41975	0.888889	6.4000001	4.3673501	3.59184	4.2469101	0.141191	9.6938801	0.2032	705.0009766	1.2613699
233.82	6.9382701	0.682833	7	0.315349	0.0294759	7.0612202	0.159884	7	4.1851902	2.3333299	7	5.0816302	4.2449002	5	0.223657	11.1429005	0.2768	705	1.17909
107.44	6.7901201	0.654262	6.83951	0.312507	0.026773	6.8571401	0.140985	7	4.07407	2.7777801	7	4.9387798	4.0816302	4.9135799	0.151187	10.8367004	0.1744	705.0009766	1.2493401
102.45	6.9382701	0.715486	6.85185	0.314278	0.0283696	7.1020398	0.166895	7	4.16049	0.333333	7	5.1428599	4.2653098	5.0493798	0.205331	11.2448997	0.3024	705.0020142	1.27885
257.22	8.1358004	0.567347	8.1975298	0.307792	0.0222816	7.7346902	0.0766651	8	4.14815	1.55556	8	5.1224499	3.9591801	5.4814801	0.106206	12.8775997	0.1904	705.0009766	1.25027
84.39	8.4814796	0.537095	8.3703699	0.319822	0.0328192	8.1020403	0.067825	8.2653103	4.30864	2.88889	8	5.34694	4.1020398	5.7037001	0.093711	13.6531	0.1616	705.0089722	1.4809
108.05	8.4814796	0.537095	8.3703699	0.319822	0.0328192	8.1020403	0.067825	8.2653103	4.30864	2.88889	8	5.34694	4.1020398	5.7037001	0.093711	13.6531	0.1616	705.0089722	1.4809
246.52	8.6666698	0.812245	7	0.329181	0.0427489	8.83673	0.304984	7	4.14815	0.333333	7	5.4081602	4.18367	5.3209901	0.324448	14.3469	0.3472	705.0009766	1.26544
86.78	8.6790104	0.812245	7	0.321084	0.0339562	8.7755098	0.281817	7	4.1357999	0.333333	7	5.3673501	4.16327	5.30864	0.325281	14.3469	0.36	704.9990234	1.2819099
245.17	8.7283897	0.810204	7	0.336602	0.0519064	9	0.237921	7	4.1728401	0.222222	7	5.5714302	4.2653098	5.4074101	0.272803	14.4694004	0.28	705.0050049	1.31391
161.2	11.1480999	0.700385	10.2346001	0.348904	0.068969	11.4898005	0.080628	10.5305996	6.0370402	4.5555601	10.5600004	8.2857103	6.3673501	7.8271599	0.102874	18.2448997	0.1168	705	1.16318
131.96	11.5309	0.808523	10.4197998	0.353694	0.075272	11.6531	0.151959	10.4694004	6.14815	0	10.5600004	8.1224499	6.3061199	7.9506202	0.206164	18.5510006	0.28	705.0029907	1.25
162.73	10.9752998	0.704827	9.9753103	0.342896	0.0597197	11.2856998	0.0830666	10.3878002	5.9012299	1.66667	11	7.9387698	6.2653098	7.6049399	0.102041	17.6121998	0.1104	704.9959717	1.1532201
167.02	5.8642001	0.687755	6.1851802	0.298238	0.0153826	5.9387698	0.100137	6	3.0617299	3.5555601	6	3.73469	3.0612199	3.7901199	0.118701	10.1429005	0.1872	705.0009766	1.31528
110.92	6.76543	0.732653	6.1111102	0.314324	0.0277066	7.0204101	0.120561	6	3.41975	0.111111	6	4.5102	3.4693899	4.3950601	0.16868	11.7143002	0.2032	705.0059814	1.3753999
129.74	6.30864	0.769388	5.8024702	0.324567	0.0376477	6.5510201	0.108063	5.81633	3.0123501	0.333333	5.8400002	4.1020398	3.1020401	3.9506199	0.156185	11.3060999	0.2128	705.007019	1.41898
62.13	5.1234598	0.678751	5.2962999	0.288671	0.0100962	5.2040801	0.0586801	5.18367	2.4814799	1.88889	5	3.3061199	2.4898	3.2839501	0.0612245	9.4081602	0.0816	705.0009766	1.46245
37.75	5.5925899	0.734694	5.3703699	0.297893	0.0151206	5.6938801	0.0574607	5.2449002	2.7284	1	5	3.5510199	2.7551	3.5185201	0.0670554	10.2040997	0.0816	705.0040283	1.36287
80.29	5.30864	0.671429	5.1111102	0.295673	0.0137448	5.34694	0.0638622	5	2.54321	1.66667	5	3.2449	2.5102	3.2592599	0.0712203	9.5101995	0.088	705.0079956	1.53554
156.27	5.07407	0.493342	5.7777801	0.29176	0.0115672	4.9795899	0.0571559	6	2.88889	4.3333302	6	3.6122501	2.7959199	3.7407401	0.0678884	9.4489803	0.0944	705.0089722	1.5433199
69.83	5.0370402	0.484241	5.1111102	0.30253	0.0184512	5.4081602	0.0580704	5.1428599	2.8642001	6.5555601	5.1999998	4.0408201	3.08163	3.7777801	0.0495627	9.8979597	0.0688	705.0130005	1.58687
118.89	5.6790099	0.529292	5.5555601	0.309773	0.0238056	5.9795899	0.0409998	5.7142901	3.1728401	5.6666698	6	4.32653	3.3061199	4.1234598	0.0587255	10.6735001	0.0944	705.0170288	1.46691
403.26	8.3209896	0.702041	7.7037001	0.319555	0.0327168	8.2653103	0.363207	7.6938801	4.1234598	0.444444	7.6799998	5.4693899	4.0408201	5.5185199	0.446897	14.8163004	0.5968	705.0280151	1.5045201
143.59	8.2345695	0.75102	7.5555601	0.316559	0.0300125	8.0612202	0.32998	7.5714302	4.0987701	0.444444	7.5999999	5.18367	4	5.3456802	0.531862	14.4286003	0.8528	705.0269775	1.53571
210.91	8.1975298	0.730612	7.6049399	0.31813	0.0313501	8.0816298	0.338211	7.5714302	4.0617299	0.666667	7.5999999	5.2449002	4	5.3580298	0.505206	14.5305996	0.8528	705.0289917	1.53227
173.51	8.45679	0.738775	7.8148198	0.32343	0.0362882	8.4285698	0.375095	7.83673	4.1728401	0.222222	7.8800001	5.5714302	4.1020398	5.6296301	0.426905	14.8979998	0.5456	705.0189819	1.4249099
143.93	8.5802498	0.759184	7.85185	0.322782	0.0355911	8.5101995	0.365036	7.8775501	4.2469101	0.444444	7.9200001	5.67347	4.1224499	5.69136	0.426905	14.9591999	0.5456	705.0180054	1.39089
196.89	8.5802498	0.759184	7.85185	0.322782	0.0355911	8.5101995	0.365036	7.8775501	4.2469101	0.444444	7.9200001	5.67347	4.1224499	5.69136	0.426905	14.9591999	0.5456	705.0180054	1.39089
146.14	8.8024702	0.804082	7.3950601	0.328047	0.0411271	8.81633	0.289133	7.5102	4.2716098	1	7.4000001	5.6122499	4.32653	5.5802498	0.320283	14.7143002	0.3344	705.0120239	1.37292
213.07	8.8641996	0.844898	7.69136	0.327229	0.0402145	8.9795904	0.299497	7.67347	4.4074101	0.333333	7.6399999	5.9183698	4.6326499	5.8024702	0.296127	14.9591999	0.3408	705.0100098	1.3539799
313.87	8.83951	0.804082	7.6296301	0.327427	0.0404417	8.9183702	0.299192	7.5918398	4.38272	0.888889	7.52	5.7550998	4.4489799	5.69136	0.286964	14.8570995	0.3536	705.0100098	1.35104
104.32	6.76543	0.499272	6.1234598	0.315971	0.0291853	6.7959199	0.0541076	5.7959199	3.69136	3.11111	6	4.7346902	3.4898	4.83951	0.0603915	11.8570995	0.0816	705.0189819	1.38244
153.39	6.0123501	0.59872	5.45679	0.311562	0.0253575	6	0.0504496	5.5102	3.1357999	2.11111	5.6399999	4.2449002	3.16327	4.2716098	0.0795502	10.7551003	0.1136	705.0490112	1.7011
64.71	6.30864	0.51968	5.9629598	0.283759	0.0085282	6.0816302	0.0470965	5.7346902	3.4321001	3.6666701	6	4.2857099	3.16327	4.6049399	0.0528946	10.8979998	0.0752	705.0579834	1.80671
197.51	9.45679	0.601442	7.8642001	0.331766	0.0451201	9.1428499	0.0794086	7.7550998	4.2222199	1.11111	8	6.0612202	4.2653098	6.16049	0.092045	15.3264999	0.0944	705.0490112	1.5406899
134.39	9.6296301	0.667347	8.2469101	0.308775	0.0229837	9.7755098	0.134278	8.18367	4.4074101	1	8	6.4081602	4.4693899	6.3580198	0.163682	15.6327	0.168	705	1.30124
204.94	9.16049	0.493775	7.5555601	0.345427	0.0642253	8.5714302	0.0980034	7.6326499	4.1357999	1.33333	7.7600002	5.7550998	4	5.9382701	0.0778842	14.9183998	0.088	705.0150146	1.2919199
109.27	10.1358004	0.597229	6.14815	0.316216	0.029282	9.9591799	0.0791038	6.1224499	3.9382701	2.5555601	6.0799999	5.7755098	3.8775499	5.9382701	0.0987089	16.5510006	0.1232	705.0130005	1.39908
272.91	8.83951	0.515142	6.3333302	0.313442	0.0270049	8.4285698	0.0355129	6.2857099	3.76543	3.7777801	6.1999998	5.1020398	3.59184	5.3456802	0.0453978	14.4694004	0.0528	704.9949951	1.14065
89.92	9.2592602	0.631813	5.9629598	0.329535	0.042632	9.3265305	0.0916019	5.9387798	3.7160499	1.11111	6	5.4489799	3.7142899	5.4197502	0.128696	15.9387999	0.1456	704.9970093	1.30821
38.83	3.69136	0.616631	2.9135799	0.262477	0.0027232	4.0204101	0.0608139	3	2.0864201	4.6666698	3	3.5306101	2.26531	3.3950601	0.0770512	8.9591799	0.0976	705.0700073	2.1317
75.68	3.4814799	0.534638	2.7901199	0.286877	0.0095773	3.4693899	0.064167	2.8571401	2	3.2222199	3	3.2040801	2.0204101	3.27161	0.0645564	8.48979	0.0784	705.1140137	2.03263
112.26	3.76543	0.552055	3	0.297537	0.016562	4.3673501	0.0626429	3	2.11111	4.5555601	3	3.73469	2.3877499	3.4074099	0.0753853	9.5918398	0.1264	705.03302	1.54391
44.28	5.2715998	0.515455	6.7901201	0.277605	0.0050401	4.8775501	0.0553269	6.7959199	3.2592599	13.6667004	6.8000002	3.9591801	3.16326	4.1357999	0.0712204	8.8775501	0.0656	705.0109863	1.59943
202.13	9.6666698	0.585778	10.7777996	0.328005	0.0413569	9.5510197	0.0763603	10.8570995	5.61728	1.33333	11	6.7142801	5.4693899	6.8642001	0.0845481	15.4082003	0.0976	704.9979858	1.20771
75.82	9.7777796	0.634758	10.8888998	0.325149	0.038642	9.8979597	0.0995275	11	5.6543198	1.33333	11.1999998	7	5.6938801	6.9629598	0.109538	15.9183998	0.168	705.0020142	1.19811
221.95	12.3950996	0.734694	11.8271999	0.38079	0.126404	12.4490004	0.160799	11.8367004	6.5308599	0.666667	11.8400002	8.9591799	6.6938801	8.8765402	0.214494	19.4694004	0.3568	705.0150146	1.30233
357.2	8.5925903	0.736735	6.5555601	0.320559	0.0336961	8.6122398	0.120866	6.5714302	3.7284	1.2222199	6.5999999	4.8775501	3.73469	4.83951	0.13536	14.1224003	0.1712	704.9979858	1.2063
238.72	7.92593	0.804082	6.8888898	0.311229	0.0251328	8.0204096	0.178479	7	3.83951	0.333333	7	5	3.8979599	4.8888898	0.192003	13.1632996	0.2384	705.0040283	1.3169399
149.34	8.0370398	0.828571	6.9753098	0.321914	0.0354845	7.9795899	0.262917	7	3.9135799	0.111111	7	4.8979602	3.8571401	4.9629598	0.256143	13.2448997	0.3056	705.0009766	1.20529
246.65	7.9629598	0.802041	7	0.310513	0.0246864	8.16327	0.164457	7	3.96296	0.555556	7	5.1224499	4.0612202	5.0123501	0.157018	13.1429005	0.2	704.9959717	1.14396
121.72	7.54321	0.706122	6.7530899	0.315241	0.0288	7.5918398	0.129706	6.7550998	3.9012301	2.11111	6.7600002	4.9591799	4	4.8888898	0.120367	12.3060999	0.0976	705.0009766	1.2696199
240.18	6.9506202	0.8	6.9876499	0.307107	0.0217987	6.9183698	0.130011	7	3.65432	0.444444	7	4.6326499	3.6122501	4.6543198	0.148688	11.4898005	0.2096	705.0020142	1.31521
114.11	7.8888898	0.556743	7.4320998	0.351032	0.0723521	8.16327	0.0556318	7.7346902	4.3209901	5.4444499	8	6.0204101	4.6122398	5.7407398	0.090379	13.1429005	0.1456	705.0139771	1.4006701
129.47	6.4814801	0.620878	6.5555601	0.30356	0.0191297	6.3673501	0.0544124	6.34694	3.2962999	7	5.96	4.5306101	3.2857101	4.5679002	0.0820491	10.9387999	0.088	705.0059814	1.4584301
237.21	8.4321003	0.769388	7.4444399	0.320434	0.0332304	8.48979	0.19433	7.4285698	3.96296	1.11111	7.4000001	5.5102	3.9387801	5.4691401	0.298626	15.0816002	0.3088	704.9979858	1.2446899
137.17	7.5679002	0.732653	6.83951	0.318085	0.0310005	7.6326499	0.133669	6.9387798	3.9382701	0.333333	7	5	3.91837	5.0370402	0.198667	13.4082003	0.2224	705.0029907	1.34543
216.33	7.7777801	0.791837	7.6666698	0.312889	0.0263581	7.5714302	0.220241	7.8571401	3.9753101	0.444444	8	5.0816302	3.7755101	5.30864	0.251978	13.2040997	0.4496	705	1.295
