S2_COR_b9_9X9	S2_COR_b10_9X9	S2_COR_b7_9X9	S2_COR_b11_9X9	S2_CON_b11_9X9	S2_COR_b6_9X9	S2_COR_b11_7X7	S2_HO_b3_5X5	S2_COR_b6_7X7	S2_HO_b2_9X9	S2_COR_b8_7X7	S2_HO_b10_9X9	S2_VA_b2_9X9
0.530864	2.5538001	0.746913	0.094955	0.666667	1.39765	0.120367	0.708	1.0404	0.89651	0.877551	0.518519	1.5734299
0.296296	1.37053	0.851852	0.310776	0.444444	0.358787	0.369429	0.84	0.241566	0.259107	0.244898	0.192044	0.132889
1.75309	3.4617801	0.534226	0.0446578	10.3332996	10.0768003	0.0362349	0.463059	8.89713	4.6678901	10.3264999	8.7703104	2.31459
0.814815	2.41554	0.687112	0.137022	0.444444	2.0963299	0.203665	0.76	0.658059	1.12148	0.836735	2.4142699	1.6569999
0.604938	2.3109901	0.72963	0.129401	0.333333	0.790124	0.125364	0.652	0.919617	0.694406	1.0204099	0.818778	1.59049
0.555556	2.0281799	0.764924	0.175735	0	1.3031501	0.233653	0.728	0.489796	0.987045	0.285714	1.79089	1.21781
0.962963	2.69121	0.622948	0.078799	0.888889	1.0973901	0.132028	0.752	0.867139	1.14068	1.0204099	1.8210599	1.40149
0.54321	2.26595	0.740741	0.128182	0.777778	0.808718	0.142857	0.708	0.588088	0.834019	0.755102	1.31962	1.40836
0.604938	2.3278699	0.722222	0.143728	0.444444	0.85048	0.20783	0.728	0.459808	0.455418	0.693878	1.36077	1.4166
1.1234601	2.91555	0.57575	0.0656912	0.888889	1.70401	0.0853811	0.8	1.08955	1.22207	1.28571	2.7846401	1.4533
1.2716	3.5115199	0.558175	0.0501448	2.5555601	8.44384	0.0645564	0.363783	8.0408201	8.3895798	3.5102	10.9851999	2.99037
0.432099	1.91066	0.793827	0.192196	0.222222	0.504801	0.209496	0.78	0.546439	0.635879	0.510204	1.03978	1.50603
0.950617	3.1818099	0.668894	0.0608139	3.11111	5.6790099	0.0820492	0.532706	5.40941	1.63816	3.16327	2.38165	1.9850399
1.32099	3.2014101	0.555537	0.0534979	1.7777801	3.90611	0.0678884	0.676	3.8642199	0.781283	2.9387801	1.45679	1.56408
0.407407	2.0319901	0.801235	0.160799	0.111111	0.740131	0.179509	0.5	0.663057	1.60982	0.591837	0.990703	1.84491
0.802469	2.75578	0.663689	0.102881	0.444444	1.5583	0.088713	0.516	1.65514	1.93812	0.938776	2.39902	1.71302
1.97531	3.7117901	0.462592	0.0272824	2.6666701	10.4392996	0.0362349	0.396706	7.9591799	3.63451	8.0816298	6.8690701	2.4229901
1.4691401	3.2939799	0.523284	0.0513641	6.5555601	7.5061698	0.0503957	0.516	7.6318202	3.4927599	4.6938801	5.8463602	2.1913199
1.67901	3.3810599	0.545429	0.0528883	8.4444399	12.9575005	0.0703873	0.410353	10.9588003	6.3587899	8.0816298	13.9773998	2.1406901
1.02469	3.06885	0.584677	0.0550221	2.5555601	3.6488299	0.0637235	0.520706	3.0487299	2.02683	2.2857101	3.33181	1.52581
0.654321	2.6052899	0.740959	0.117208	1.88889	1.37296	0.090379	0.582353	1.26364	2.76665	1.71429	3.05197	2.2855799
1.02469	3.3579299	0.623031	0.0541076	1.44444	8.6633101	0.0595585	0.672	6.29071	6.1091299	2.57143	11.1251001	1.947
0.925926	2.7797799	0.672046	0.109892	1.88889	2.55723	0.142024	0.636	1.95752	1.16049	2.2244899	1.58147	1.68785
0.962963	2.7572701	0.646847	0.0848956	3.2222199	2.6633101	0.0770512	0.54	2.1099501	2.0109701	3.0204101	2.9382701	1.80998
0.962963	3.39834	0.625418	0.0397805	3.2222199	7.8710599	0.0503957	0.732	5.9791799	4.8974199	2.5510199	8.7648201	2.2562499
1.7407399	3.5813301	0.512099	0.0349032	6.7777801	6.4060302	0.0345689	0.28695	6.8912902	3.57476	8.5714302	5.5171499	2.7702
0.679012	2.6143799	0.719753	0.0922116	1	2.18046	0.106206	0.66	0.867139	1.28395	1.65306	1.11142	1.17653
0.938272	2.6019399	0.669504	0.0928212	0.333333	1.13519	0.132028	0.736	1.00708	0.567292	0.673469	0.951379	1.2978801
0.567901	2.4960899	0.725926	0.098613	0.333333	1.28608	0.110371	0.528	1.1428601	2.8642001	0.714286	4.6419802	1.7707
1.3580199	3.33201	0.585829	0.0495351	0.333333	5.7969799	0.0587255	0.32695	3.9458599	4.4374299	5.4898	7.0227098	2.3443201
1.03704	2.80813	0.612055	0.0989178	4.2222199	4.3267798	0.137859	0.568	3.24615	3.56043	2.3673501	3.6528001	2.27529
2.0246899	3.5709	0.49747	0.038866	0.111111	17.9615993	0.0528946	0.496	17.2653008	13.8298998	7.6326499	20.9778996	3.1326301
1.2716	3.4883101	0.541685	0.037037	7.6666698	6.3926201	0.0437318	0.347059	4.7346902	8.5788698	3.4693899	13.4818001	2.13082
0.419753	1.82304	0.819753	0.295839	2	0.592897	0.316118	0.708	0.270721	2.4410901	0.653061	5.3345499	2.39884
0.691358	2.2490499	0.701235	0.133669	0.555556	0.955952	0.174511	0.64	0.947105	0.888889	1.20408	1.86953	1.6052999
1.51852	3.33359	0.559418	0.0486206	0.333333	8.7181797	0.0562266	0.389321	8.8846302	3.7680199	6.1428599	5.8631301	2.2453101
1.44444	3.52651	0.506691	0.0352081	5.6666698	3.87868	0.0453978	0.500706	4.2449002	5.1013598	2.57143	6.5892401	2.3979001
1.7407399	3.5375199	0.469997	0.0342936	1.2222199	6.06706	0.0428988	0.456	6.6963801	3.2385299	7.8571401	5.8923898	2.4103601
0.358025	1.81934	0.833333	0.297363	11.2222004	0.912971	0.376926	0.472	0.588088	1.40741	0.346939	1.2760299	1.96789
0.839506	2.89589	0.650109	0.0797135	0.444444	2.70538	0.118701	0.524	1.71429	2.75476	1.59184	4.4447498	2.0906799
2.6666701	3.72769	0.444949	0.0300259	0.333333	31.3775005	0.0354019	0.227818	35.8759003	33.5802002	15.1429005	49.287899	3.03426
1.48148	3.3845699	0.550526	0.0449627	15.4443998	5.3113899	0.0537276	0.408	6.29071	1.8055201	5.8571401	3.4074099	2.1332901
0.641975	2.1491599	0.716776	0.145557	1.7777801	0.493827	0.181175	0.9	0.44898	0.453894	0.55102	1.1799999	1.6029299
1.40741	3.01125	0.599677	0.0791038	0.333333	8.69349	0.0753853	0.644	4.5039601	2.5541799	7.4693899	2.2222199	1.45802
1.58025	3.24417	0.524716	0.0534979	5.4444399	3.64731	0.0645564	0.384489	3.3627701	3.0318501	3.6122401	5.6683402	2.0013599
0.506173	2.17748	0.769136	0.179393	5.6666698	0.955037	0.223657	0.78	0.762182	1.1358	0.428571	1.36747	1.55582
1.5678999	3.3926001	0.530643	0.0428288	0.222222	6.5764399	0.0545606	0.490353	3.4918799	3.5308599	6.7959199	5.44521	1.86439
0.506173	2.0815899	0.766667	0.159884	2.2222199	0.661484	0.18284	0.54	0.389838	0.790124	0.714286	0.740741	1.14009
0.358025	1.77623	0.825926	0.271757	0.555556	0.37037	0.271137	0.68	0.238234	0.374333	0.530612	0.49779	1.13574
0.296296	1.2751499	0.851852	0.308947	1	0.24356	0.268638	0.9	0.249896	0.0685871	0.367347	0.262765	0.769731
0.716049	2.20994	0.681482	0.127877	0	0.932785	0.192836	0.704	0.762182	0.54321	1.0204099	1.24219	1.21864
